name,price,rating,total reviews,total positive reviews,total negative reviews,Cost Efficiency,Consumer Satisfaction ratio,AI Feedback
Sazerac Rye,27.99,4.6,16,15,1,6.0,88,"Pros:
- The rye whiskeys reviewed have been praised for their unique flavors and spice characteristics, making them stand out in the market.
- Customers have highlighted the excellent service provided by some brands, including timely shipping and well-packaged products.
- Many reviewers have expressed satisfaction with the taste and quality of the rye whiskeys, with some even considering them the best they have ever tasted.

Cons:
- Some customers have experienced issues with shipping delays and poor customer service from certain brands, impacting their overall experience.
- Price has been a concern for some reviewers, with a few mentioning that certain rye whiskeys are expensive compared to others in the market.
- There have been instances of bottles not being delivered on time or at all, leading to frustration and disappointment among customers.

Overall, the rye whiskeys reviewed have received positive feedback for their unique flavors, quality, and service. However, there are areas for improvement in terms of customer service, pricing, and shipping reliability. Brands should focus on enhancing these aspects to provide a better overall experience for their customers and maintain their reputation in the market."
Angel's Envy Finished Rye,69.95,5.0,5,5,0,13.0,85,
High West Double Rye,39.99,5.0,5,5,0,7.0,85,
Willett Family Estate 4 Year Rye,79.99,5.0,7,7,0,15.0,88,
WhistlePig 10 Year Rye,89.99,5.0,3,3,0,17.0,80,
WhistlePig Barrel Aged Maple Syrup,27.99,5.0,6,6,0,5.0,87,
WhistlePig Piggyback 6 Year Old Rye,49.99,5.0,3,3,0,9.0,80,
WhistlePig 12 Year Old World,159.99,none,none,none,none,none,none,
Michter's Kentucky Straight Rye,44.99,5.0,3,3,0,8.0,80,
Redwood Empire Emerald Giant Rye Whiskey,34.99,4.7,3,3,0,7.0,80,
Jack Daniel's Single Barrel Barrel Proof Rye,61.94,4.3,6,5,1,14.0,75,
WhistlePig 15 Year Straight Rye,299.99,none,none,none,none,none,none,
Basil Hayden's Dark Rye,54.99,1.0,1,0,1,54.0,33,
Pikesville Straight Rye Whiskey,49.99,5.0,5,5,0,9.0,85,
WhistlePig HomeStock,74.99,5.0,1,1,0,14.0,66,
High West A Midwinter Night’s Dram,279.99,5.0,1,1,0,55.0,66,
WhistlePig 10 Year Rye (375ml),49.99,5.0,2,2,0,9.0,75,
Pendleton 1910 12 Year Rye,38.99,none,none,none,none,none,none,
Dad's Hat Classic Rye Whiskey,42.99,5.0,6,6,0,8.0,87,
Redwood Empire Emerald Giant Rye Cask Strength,99.99,5.0,2,2,0,19.0,75,
Bulleit Rye,28.99,none,none,none,none,none,none,
Michter's US-1 Toasted Barrel Finish Rye 2023 Limited Edition,199.99,5.0,4,4,0,39.0,83,
Knob Creek Single Barrel Select | Barrell #7690 | Hand Selected For SipWhiskey.Com,49.99,none,none,none,none,none,none,
Barrell Seagrass Rye Whiskey,89.99,none,none,none,none,none,none,
Old Overholt 10 Year Old Cask Strength Straight Rye,109.99,5.0,3,3,0,21.0,80,
WhistlePig PiggyBack Legends Series: Alfa Romeo F1® Team Stake Barrel,49.99,3.0,3,2,1,16.0,60,
"WhistlePig ""Rye Whiskey Piglets"" Flight Gift Set",29.99,none,none,none,none,none,none,
Basil Hayden's Caribbean Reserve Rye,49.99,5.0,1,1,0,9.0,66,
Old Forester Rye 100 Proof,27.99,5.0,1,1,0,5.0,66,
Angel’s Envy Rye Whiskey Finished in Caribbean Rum Casks 375ML,49.99,none,none,none,none,none,none,
Traverse City Whiskey Co. North Coast Rye,44.99,5.0,2,2,0,8.0,75,
Bulleit Rye 1.75L,55.99,5.0,1,1,0,11.0,66,
Basil Hayden’s 10 Year Old Rye,99.99,none,none,none,none,none,none,
Smoke Wagon Private Barrel Straight Rye Whiskey Selected by Sip Whiskey,99.99,none,none,none,none,none,none,
WhistlePig The Boss Hog X: The Commandments Straight Rye,849.99,none,none,none,none,none,none,
Woodford Reserve Kentucky Straight Rye,49.99,5.0,1,1,0,9.0,66,
Rittenhouse Rye,24.99,5.0,1,1,0,4.0,66,
WhistlePig PiggyBack Barstool Barrel: Bussin' With The Boys,59.99,5.0,1,1,0,11.0,66,
Michter's Barrel Strength Rye,229.99,none,none,none,none,none,none,
WhistlePig 18 Year Old Double Malt Rye,399.99,5.0,2,2,0,79.0,75,
Rabbit Hole Boxergrail Rye,49.99,5.0,3,3,0,9.0,80,
Russell’s Reserve Single Barrel Rye,74.99,none,none,none,none,none,none,
Pinhook Rye'd On,39.99,5.0,1,1,0,7.0,66,
Hillrock Double Cask Rye Whiskey,119.99,5.0,1,1,0,23.0,66,
Woodford Reserve Master's Collection Chocolate Malted Rye,499.99,5.0,3,3,0,99.0,80,
Widow Jane Rye Mash Oak & Applewood Aged,49.99,none,none,none,none,none,none,
Templeton Rye,39.99,4.5,2,2,0,8.0,75,
Woody Creek Distillers Rye Whiskey,49.99,none,none,none,none,none,none,
Heaven's Door Rye,79.99,5.0,1,1,0,15.0,66,
Wild Turkey Master's Keep Cornerstone,399.99,none,none,none,none,none,none,
Sagamore Spirit Rye Double Oak,69.99,none,none,none,none,none,none,
Woodinville Straight Rye Whiskey,39.99,none,none,none,none,none,none,
Dad's Hat Straight Rye Whiskey,63.99,none,none,none,none,none,none,
Old Overholt Bonded Rye Whiskey,24.99,none,none,none,none,none,none,
High West Rendezvous Rye,99.99,none,none,none,none,none,none,
Koval Single Barrel Rye,48.99,5.0,1,1,0,9.0,66,
Michter's 10 Year Rye,349.99,none,none,none,none,none,none,
George Dickel Rye Whisky,24.99,5.0,1,1,0,4.0,66,
Dad's Hat Vermouth Finish Rye,47.99,none,none,none,none,none,none,
Barrell Craft Spirits Seagrass 16 Years Old Rye,249.99,none,none,none,none,none,none,
Dad's Hat Port Wine Finished Rye,47.99,5.0,1,1,0,9.0,66,
Very Olde St. Nick Winter Maple Rye,184.99,none,none,none,none,none,none,
Duke Double Barrel Founder's Reserve Rye,119.99,none,none,none,none,none,none,
Templeton Rye Barrel Strength,59.99,5.0,2,2,0,11.0,75,
Tincup Rye Whiskey,29.99,5.0,1,1,0,5.0,66,
Jim Beam Rye,21.99,none,none,none,none,none,none,
Jefferson's Ocean Double Barrel Rye Whiskey,89.99,none,none,none,none,none,none,
WhistlePig PiggyBank 10 Year Old Rye,399.99,5.0,2,2,0,79.0,75,
Sagamore Spirit Rye Cask Strength,69.99,none,none,none,none,none,none,
Templeton Rye Small Batch,39.99,5.0,1,1,0,7.0,66,
Brother's Bond American Blended Rye Whiskey,49.99,none,none,none,none,none,none,
Sagamore Spirit Rye Barrel Select San Diego Barrel Boys,69.99,none,none,none,none,none,none,
Angel’s Envy Rye Whiskey Finished in Caribbean Rum Casks,99.99,5.0,3,3,0,19.0,80,
Russell’s Reserve 6 Year Old Rye,46.99,none,none,none,none,none,none,
Very Olde St. Nick Ancient Cask 8 Year Old Whiskey,169.99,none,none,none,none,none,none,
Very Olde St. Nick Harvest Rye Cask Strength,189.99,none,none,none,none,none,none,
Catoctin Creek Rabble Rouser Rye Bottled in Bond,104.99,none,none,none,none,none,none,
WhistlePig Farmstock Rye Crop 003,89.99,5.0,1,1,0,17.0,66,
Lot No. 40 Canadian Rye Whisky,39.99,none,none,none,none,none,none,
James E. Pepper Straight Rye 100 Proof,32.99,5.0,2,2,0,6.0,75,
Michter’s 10 Year Old Rye 2023 Limited Edition,349.99,none,none,none,none,none,none,
RY3 Rye Whiskey Cask Strength Madeira Cask Finish 'Sip Whiskey X Nestor Liquor' Private Selection 750ML,84.99,none,none,none,none,none,none,
Templeton Rye Maple Cask Finish,39.99,none,none,none,none,none,none,
WhistlePig The Boss Hog: The Samurai Scientist,1499.99,5.0,1,1,0,299.0,66,
Sazerac Rye Sip Whiskey Single Barrel Select,39.99,5.0,4,4,0,7.0,83,
Bardstown Bourbon Company Origin Series 96 Proof Rye Whiskey,69.99,5.0,1,1,0,13.0,66,
Willett Family Estate Small Batch Straight Rye Whiskey 50ML,9.99,none,none,none,none,none,none,
Tim Smith Southern Reserve Rye,32.99,none,none,none,none,none,none,
Sagamore Spirit Rye,39.99,none,none,none,none,none,none,
Jack Daniel's Single Barrel Rye,42.99,5.0,1,1,0,8.0,66,
Leopold Bros Three Chamber Rye 2022 Release,249.99,none,none,none,none,none,none,
"WhistlePig Bespoke Barrel Rye ""SDBB"" Barrel Pick ""WhistlePigs In Space""",159.99,none,none,none,none,none,none,
"WhistlePig 15 Year Estate Oak Rye ""SDBB"" Barrel Pick #1503",299.99,none,none,none,none,none,none,
Masterson’s 10 Year Old Rye,59.99,none,none,none,none,none,none,
Hooten Young 30th Anniversary Operation Gothic Serpent Rye Whiskey,46.99,none,none,none,none,none,none,
Basil Hayden Malted Rye Whiskey,64.99,none,none,none,none,none,none,
Dad’s Hat Bonded Rye,69.99,none,none,none,none,none,none,
Ry3 Cask Strength Toasted Barrel Finish Rye Privately Selected by Sip Whiskey,84.99,none,none,none,none,none,none,
Wild Turkey Rare Breed Rye Whiskey,99.99,none,none,none,none,none,none,
Jack Daniel’s Single Barrel 2020 Special Release Barrel Proof Rye,499.99,5.0,1,1,0,99.0,66,
Kentucky Owl Rye 10 Year Batch #3,199.99,4.0,1,1,0,49.0,66,
High West Rendezvous Rye 375ml,39.99,none,none,none,none,none,none,
Minor Case Rye Sherry Cask,39.99,none,none,none,none,none,none,
Knob Creek Cask Strength Rye,72.99,5.0,2,2,0,14.0,75,
Knob Creek Straight Rye Whiskey,41.99,none,none,none,none,none,none,
WhistlePig 10-year San Diego Barrel Boys Single Barrel Rye Whiskey 17-year,129.99,none,none,none,none,none,none,
Doc Swinson's Rye Whiskey,44.99,none,none,none,none,none,none,
Laws San Luis Valley Straight Rye,59.99,5.0,1,1,0,11.0,66,
Sonoma Cherrywood Rye Whiskey,47.99,none,none,none,none,none,none,
Kentucky Peerless Small Batch Straight Rye 200ml,28.99,5.0,1,1,0,5.0,66,
Very Olde St. Nick Faith & Conviction,219.99,none,none,none,none,none,none,
Nashville Barrel Company Small Batch Rye,59.99,none,none,none,none,none,none,
Lost Republic Rye Whiskey,44.99,none,none,none,none,none,none,
WhistlePig PiggyBack Legends Series: Brothers Osborne Barrel,59.99,none,none,none,none,none,none,
Leadslingers Fighting Spirit Rye Whiskey,39.99,none,none,none,none,none,none,
Burnside Oregon Oaked Rye Whiskey,36.99,none,none,none,none,none,none,
Barrell Rye Batch 003,89.99,4.0,1,1,0,22.0,66,
Sagamore Spirit Cognac Finish,74.99,none,none,none,none,none,none,
Hochstadter's Slow & Low,29.99,none,none,none,none,none,none,
WhistlePig Farmstock Rye Crop 001,99.99,none,none,none,none,none,none,
Jack Daniel’s Bonded Rye,34.99,none,none,none,none,none,none,
Laws San Luis Valley Straight Rye Bottled in Bond 6 Years,74.99,none,none,none,none,none,none,
Kentucky Peerless Small Batch Rye Whiskey,119.99,none,none,none,none,none,none,
Copper Fox Rye Whisky,44.99,none,none,none,none,none,none,
Basil Hayden's Two By Two Rye,54.99,5.0,1,1,0,10.0,66,
James E. Pepper Straight Rye Barrel Proof,44.99,none,none,none,none,none,none,
Old Pepper Bottled-in-Bond Rye,54.99,none,none,none,none,none,none,
"WhistlePig 15 Year Estate Oak Rye ""SDBB"" Barrel Pick #1511",299.99,none,none,none,none,none,none,
Angel’s Envy Cellar Collection Ice Cider Finished Rye,599.99,none,none,none,none,none,none,
Oak & Eden Rye & Spire,49.99,none,none,none,none,none,none,
Catoctin Creek Roundstone Rye Cask Strength,89.99,none,none,none,none,none,none,
Kentucky Owl 10 Year Old Rye Batch #4,299.99,none,none,none,none,none,none,
Michter's Toasted Barrel Rye Finish 2020,399.99,none,none,none,none,none,none,
New Riff 6 Year Old Kentucky Straight Malted Rye Whiskey,69.99,none,none,none,none,none,none,
Angel's Envy 2023 Cask Strength Rye,499.99,none,none,none,none,none,none,
Mythology Thunder Hoof 10 Year Old Rye Whiskey,94.99,none,none,none,none,none,none,
WhistlePig 10 Year Old “San Diego Barrel Boys” Single Barrel Rye Whiskey,99.99,none,none,none,none,none,none,
WhistlePig The Boss Hog VII Magellan's Atlantic,999.99,none,none,none,none,none,none,
Stolen X,19.99,none,none,none,none,none,none,
Knob Creek Twice Barreled Rye,53.99,none,none,none,none,none,none,
WhistlePig Farmstock Rye Crop 002,74.99,5.0,1,1,0,14.0,66,
"Woody Creek Distillers William H. Macy Reserve ""Bottled in Bond"" Straight Rye Whiskey",199.99,none,none,none,none,none,none,
Old Forester Single Barrel Rye Barrel Strength,229.99,none,none,none,none,none,none,
Jack Daniel's Tennessee Rye,34.0,5.0,7,7,0,6.0,88,
Redemption Rye Whiskey,33.0,none,none,none,none,none,none,
Sonoma Black Truffle Rye Whiskey 375ml,79.99,none,none,none,none,none,none,
Sonoma Rye Whiskey,39.99,none,none,none,none,none,none,
Deadwood Rye Whiskey,21.99,none,none,none,none,none,none,
Widow Jane Rye Mash American Oak Aged,49.99,none,none,none,none,none,none,
Michter’s US1 Barrel Strength Rye 2019,169.99,5.0,1,1,0,33.0,66,
Very Olde St. Nick Harvest Summer Rye Cask Strength,189.99,none,none,none,none,none,none,
WhistlePig The Boss Hog V: The Spirit of Mauve,1499.99,5.0,1,1,0,299.0,66,
FEW Rye Whiskey,59.99,none,none,none,none,none,none,
Ry3 Whiskey Cigar Series #1,119.99,5.0,2,2,0,23.0,75,
Smoke Wagon Blender’s Select Straight Rye Whiskey,79.99,none,none,none,none,none,none,
Jack Daniel's Twice Barreled Tennessee Rye 2023 Special Release,399.99,none,none,none,none,none,none,
Wild Turkey Rye Whiskey 1 Liter,49.99,5.0,2,2,0,9.0,75,
Sagamore Spirit Calvados Finish,69.99,none,none,none,none,none,none,
Rabbit Hole Rye,49.99,5.0,1,1,0,9.0,66,
Parker’s Heritage Collection 10 Year Old Cask Strength Straight Rye,699.99,5.0,1,1,0,139.0,66,
Bardstown Bourbon West Virginia Great Barrel Co Rye Whiskey,159.99,none,none,none,none,none,none,
Chicken Cock Rye Whiskey,69.99,5.0,1,1,0,13.0,66,
Sagamore Rye Tequila Finish,69.99,none,none,none,none,none,none,
Parker’s Heritage Collection Heavy Char Rye,399.99,none,none,none,none,none,none,
Basil Hayden’s Rye Whiskey,149.99,none,none,none,none,none,none,
Buffalo Trace Kosher Straight Rye Whiskey,149.99,none,none,none,none,none,none,
John Drew Rye Whiskey,49.99,none,none,none,none,none,none,
Old Pepper Finest Kentucky Oak Rye Whiskey,94.99,none,none,none,none,none,none,
Knob Creek Single Barrel Select Rye Whiskey 'SDBB #1',69.99,none,none,none,none,none,none,
Castle & Key Restoration Rye Whiskey,44.99,none,none,none,none,none,none,
Sagamore Spirit PX Sherry Finish Rye,74.99,2.0,1,0,1,37.0,33,
Western Reserve 6 Year Old Straight Rye,59.99,none,none,none,none,none,none,
Wild Turkey Rye Whiskey,29.0,none,none,none,none,none,none,
Cutwater Whiskey Black Skimmer American Rye,54.99,none,none,none,none,none,none,
Henebery Old Fashioned,29.99,none,none,none,none,none,none,
Hudson Maple Cask Rye Whiskey,59.99,none,none,none,none,none,none,
Jack Daniel's Rested Tennessee Rye,599.99,5.0,1,1,0,119.0,66,
Masterson's Rye Whiskey,79.99,none,none,none,none,none,none,
New Riff Single Barrel Barrel Proof Straight Rye Whiskey,58.99,none,none,none,none,none,none,
Koval Single Barrel Rye Whiskey Maple Syrup Cask Finish,64.99,none,none,none,none,none,none,
WhistlePig PiggyBack Barstool Barrel: KFC Radio,59.99,none,none,none,none,none,none,
Sagamore Spirit Brewer's Select Rye Ale Finish Rye Whiskey,74.99,none,none,none,none,none,none,
Kentucky Peerless Small Batch Straight Rye Whiskey,119.99,none,none,none,none,none,none,
Catoctin Creek Roundstone Rye 92 PF,52.99,none,none,none,none,none,none,
Clyde May's Straight Rye Whiskey,44.99,none,none,none,none,none,none,
Henebery Small Batch Infused Rye Whiskey,39.99,none,none,none,none,none,none,
Hudson Manhattan Rye Whiskey,59.99,none,none,none,none,none,none,
Redemption Rye,39.99,none,none,none,none,none,none,
Re:Find Rye,64.99,none,none,none,none,none,none,
Balcones Texas Rye Bottled-in-Bond,49.99,none,none,none,none,none,none,
Widow Jane Paradigm Rye,49.99,none,none,none,none,none,none,
Chicken Cock Cotton Club 20 Year Old Rye Whiskey,399.99,none,none,none,none,none,none,
Templeton Rye Stout Cask Finish,54.99,none,none,none,none,none,none,
Chicken Cock Island Rooster Rum Barrel Rye,199.99,none,none,none,none,none,none,
Catoctin Creek Roundstone Rye 80 PF,42.99,none,none,none,none,none,none,
Kentucky Owl 11 Year Kentucky Straight Rye Whiskey,249.99,none,none,none,none,none,none,
Flaming Lips Brainville Rye,119.99,none,none,none,none,none,none,
Penelope 8 Year Old Tokaji Cask Finish Straight Rye,199.99,none,none,none,none,none,none,
Old Ezra Brooks 7 Year Old Straight Rye Whiskey,79.99,none,none,none,none,none,none,
Orphan Barrel Scarlet Shade 14 Year Old Straight Rye Whiskey,499.99,none,none,none,none,none,none,
Leopold Bros. Three Chamber Whiskey Holiday Edition 2022,249.99,none,none,none,none,none,none,
Savage & Cooke Lip Service Rye Whiskey,34.99,none,none,none,none,none,none,
George Dickel & Leopold Bros Three Chamber Blended Rye,129.99,none,none,none,none,none,none,
Smooth Ambler Contradiction Rye,39.99,none,none,none,none,none,none,
HIllrock Double Cask Rye Sauternes Cask Finished,134.99,none,none,none,none,none,none,
Thomas H. Handy Sazerac Rye 2020,999.99,none,none,none,none,none,none,
Three Chord Amplify Rye Whiskey,49.99,none,none,none,none,none,none,
New Holland Spirits Beer Barrel Rye,34.99,none,none,none,none,none,none,
Blackland Rye Whiskey,38.0,none,none,none,none,none,none,
Cardinal Spirits Rye Whiskey,24.99,none,none,none,none,none,none,
WhistlePig The Boss Hog Edition 六 – The Samurai Scientist Katakana Edition,3699.99,none,none,none,none,none,none,
Malahat Spirits Co. Rye Whiskey,59.99,none,none,none,none,none,none,
Barrell Rye Single Barrel,119.99,none,none,none,none,none,none,
Willett Family Estate Bottled Single-Barrel 3 Year Old Straight Rye Whiskey,49.99,5.0,1,1,0,9.0,66,
Tommy Bahama Rye Rum,59.99,none,none,none,none,none,none,
Koval Rye White Whiskey,39.99,none,none,none,none,none,none,
Koval Bottled in Bond Single Barrel Rye Whiskey,64.99,none,none,none,none,none,none,
Smoke Wagon Straight Rye Whiskey Private Barrel 6 Year Old California #2,399.99,none,none,none,none,none,none,
Smoke Wagon Straight Rye Whiskey Private Barrel 6 Year Old California #1,399.99,none,none,none,none,none,none,
Milam & Greene Straight Rye Whisky Port Cask Finish,54.99,none,none,none,none,none,none,
Four Gate 7 Year Old Andalusia Key Rye,199.99,none,none,none,none,none,none,
Jack Daniel's Unaged Tennessee Rye,649.99,none,none,none,none,none,none,
Ry3 Whiskey Rum Cask Finish,58.99,none,none,none,none,none,none,
WhistlePig Piggyback Devils Slide,Out of Stock,none,none,none,none,none,none,
Wolves Whiskey X Willet Distillery The Rye Project Volume One,499.99,none,none,none,none,none,none,
Old Potrero 18th Century Style Whiskey,71.99,none,none,none,none,none,none,
Western Reserve 4 Year Old Straight Rye,49.99,none,none,none,none,none,none,
Dorothy Arzner Straight Rye Whiskey,64.99,none,none,none,none,none,none,
Milam & Greene Port Cask Rye Whiskey,54.99,none,none,none,none,none,none,
Sentinel Straight Rye Whiskey Limited Release Mesquite Cask,44.99,none,none,none,none,none,none,
Pinhook 8 Year Single Barrel Vertical Series Rye 2024 Release,89.99,none,none,none,none,none,none,
Sazerac Rye 18 Year Old 2023 Release,2499.99,none,none,none,none,none,none,
"WhistlePig The Boss Hog ""The One That Made It Around The World""",3999.99,none,none,none,none,none,none,
Belfour Small Batch Straight Rye Whiskey,83.99,none,none,none,none,none,none,
Whip Saw Rye Whiskey,49.99,none,none,none,none,none,none,
Savage & Cooke Guero Reserve 6 Year Old Rye,107.99,none,none,none,none,none,none,
Noble Oak Double Oak Rye,39.99,none,none,none,none,none,none,
Uncle Nearest Single Barrel Rye Whiskey,Out of Stock,none,none,none,none,none,none,
Uncle Nearest Rye Whiskey,59.99,none,none,none,none,none,none,
High Plains Rye Whiskey,54.99,none,none,none,none,none,none,
Sazerac Rye 18 Year Old 2020,2499.99,none,none,none,none,none,none,
Sagamore Spirit Manhattan Finish Rye Whiskey,69.99,none,none,none,none,none,none,
Town Branch Rye,56.99,none,none,none,none,none,none,
Black Feather Rye Whiskey,31.99,none,none,none,none,none,none,
Saint Liberty Josephine’s Flat Head River Straight Rye,59.99,none,none,none,none,none,none,
Noble Oak Double Oak Rye,48.0,none,none,none,none,none,none,
Broken Barrel Heresy Rye Whiskey,47.99,none,none,none,none,none,none,
Black Maple Hill Oregon Rye,99.99,none,none,none,none,none,none,
Booker’s Limited Edition 13 Year Old Rye ‘Big Time Batch’,1999.99,none,none,none,none,none,none,
Templeton Rye Barrel Strength,59.99,none,none,none,none,none,none,
Old Standard Organic Rye Whiskey,59.99,none,none,none,none,none,none,
Lock Stock & Barrel 18 Year Old,249.99,none,none,none,none,none,none,
High West Silver OMG Pure Rye,59.99,none,none,none,none,none,none,
Sagamore Spirit Port Finish Rye Whiskey,75.99,none,none,none,none,none,none,
Rabbit Hole Cask Strength Rye,Out of Stock,none,none,none,none,none,none,
"Redemption ""Ancients"" 18 Year Old Rye",799.99,none,none,none,none,none,none,
Lock Stock & Barrel 16 Year Old Rye,179.99,5.0,1,1,0,35.0,66,
Woodford Reserve Master's Collection New & Aged Cask Rye,999.99,none,none,none,none,none,none,
Booker's Rye,2999.99,none,none,none,none,none,none,
Redemption 8 Year Old Rye,99.99,none,none,none,none,none,none,
Sagamore Rye Double Oak Blended Straight Rye,Out of Stock,none,none,none,none,none,none,
Redwood Empire Van Duzen Straight Rye Whiskey,Out of Stock,none,none,none,none,none,none,
Calumet Farm 100th Anniversary High Rye Mashbill Rye,Out of Stock,none,none,none,none,none,none,
Michter's 10 Year Old Single Barrel Rye 2024 Release,199.99,none,none,none,none,none,none,
Tincup 10 Year Old Straight Rye Whiskey,Out of Stock,none,none,none,none,none,none,
Redwood Empire Rocket Top Rye Bottled In Bond Batch 004,Out of Stock,none,none,none,none,none,none,
Raconteur Rye,Out of Stock,none,none,none,none,none,none,
Frank August Case Study: 03,Out of Stock,none,none,none,none,none,none,
WhistlePig PiggyBack Stake F1 Team Kick Sauber,Out of Stock,none,none,none,none,none,none,
Basil Hayden Rye Whiskey 2017 Release,Out of Stock,none,none,none,none,none,none,
Heaven Hill Grain to Glass Straight Rye Whiskey,Out of Stock,none,none,none,none,none,none,
Old Forester The 117 Series Bottled in Bond Straight Rye,Out of Stock,none,none,none,none,none,none,
Rye & Sons Kentucky Rye Whiskey,31.99,none,none,none,none,none,none,
Michter’s US 1 Barrel Strength Rye 2024 Edition,109.99,none,none,none,none,none,none,
Castle & Key The Woolgatherer Rye Finished in Amburana Barrels,Out of Stock,none,none,none,none,none,none,
Sagamore Spirit Vino de Naranja Cask Finish Rye Whiskey,Out of Stock,none,none,none,none,none,none,
Jaywalk Bonded Straight Rye Whiskey,54.99,none,none,none,none,none,none,
Jaywalk Straight Rye Whiskey,49.99,none,none,none,none,none,none,
Whistle Pig The Boss Hog XI The Juggernaut Straight Rye,Out of Stock,none,none,none,none,none,none,
Angel’s Envy Distillery Series Cask Strength Bottled in Bond Bourbon,Out of Stock,none,none,none,none,none,none,
WhistlePig 10 Year Rye & Glencairn Whiskey Glass Set,74.99,none,none,none,none,none,none,
Jack Daniel’s Distillery Series No. 13 Twice Barreled Straight Rye,Out of Stock,none,none,none,none,none,none,
Bardstown Bourbon Private Selection Rye Finished in Toasted Sherry Wood and Oak,Out of Stock,none,none,none,none,none,none,
Green River Kentucky Straight Rye Whiskey,Out of Stock,none,none,none,none,none,none,
Sazerac Barrel Select Rye Whiskey 1.75 Liter,Out of Stock,none,none,none,none,none,none,
BHAKTA 2013 Straight Rye Whiskey,Out of Stock,none,none,none,none,none,none,
Sagamore Spirit Reserve Select Peach Mead Barrel Finish Rye,Out of Stock,none,none,none,none,none,none,
Sagamore Spirit Reserve Select Duchess Finish Rye,Out of Stock,none,none,none,none,none,none,
Bulleit 10 Year Old Straight Rye Whiskey,Out of Stock,none,none,none,none,none,none,
Pinhook Vertical Series 8 Year Old Straight Rye 2024 Release,Out of Stock,none,none,none,none,none,none,
Elijah Craig Toasted Rye,Out of Stock,none,none,none,none,none,none,
The Senator Barrel Proof 6 Year Old Winter 2023,Out of Stock,none,none,none,none,none,none,
Rabbit Hole Gaspar Sour Mash Rye Whiskey,Out of Stock,none,none,none,none,none,none,
Castle & Key Restoration Kentucky Rye Whiskey 2024 Release,Out of Stock,none,none,none,none,none,none,
Sagamore Spirit Maple Cherry Cask Finish Rye,Out of Stock,none,none,none,none,none,none,
Sagamore Spirit Reserve Series Manhattan Finish Rye,Out of Stock,none,none,none,none,none,none,
Brook Hill 10 Year Old Straight Rye Whiskey,Out of Stock,none,none,none,none,none,none,
Pinhook Kentucky Straight Rye Whiskey 2024 Release,Out of Stock,none,none,none,none,none,none,
Penelope 10 Year Old Tokaji Cask Finish Straight Rye,Out of Stock,none,none,none,none,none,none,
Pinhook Kentucky Straight Rye Custom Mashbill 2024 Release,Out of Stock,none,none,none,none,none,none,
Nashville Barrel Company Seven Eleven Cask Strength Rye Whiskey,Out of Stock,none,none,none,none,none,none,
Good Money 10 Year Canadian Rye by Floyd Mayweather,79.99,none,none,none,none,none,none,
Rare Stash 95 Rye by Dustin Poirier,Out of Stock,none,none,none,none,none,none,
Rare Character Straight Rye Finished in a Maple Cask,Out of Stock,none,none,none,none,none,none,
Rare Character Straight Rye Finished in a Honey Cask,Out of Stock,none,none,none,none,none,none,
Hemingway Cask Strength Rye Whiskey,Out of Stock,none,none,none,none,none,none,
Thomas H. Handy Sazerac Rye Whiskey 2023,899.99,none,none,none,none,none,none,
High West Bottled in Bond Straight Rye Whiskey,79.99,none,none,none,none,none,none,
Golden Wedding Rye Whiskey,Out of Stock,none,none,none,none,none,none,
Old Overholt 11 Year Old Cask Strength Straight Rye,Out of Stock,none,none,none,none,none,none,
Castle & Key The Woolgatherer Rye Finished in Vermouth Barrels,Out of Stock,none,none,none,none,none,none,
Knob Creek 10 Year Old Kentucky Straight Rye,69.99,none,none,none,none,none,none,
Bardstown Bourbon Company Single Barrel Straight Rye,Out of Stock,none,none,none,none,none,none,
Bespoken Spirits Rye Twice Toasted,49.99,none,none,none,none,none,none,
Assassin’s Creed III Rye Whiskey,Out of Stock,none,none,none,none,none,none,
Sagamore Spirit Ravens Home Reserve Rye Whiskey,Out of Stock,none,none,none,none,none,none,
Hard Truth X Mellencamp Whiskey Harvest Rye,Out of Stock,none,none,none,none,none,none,
Wild Turkey Master’s Keep Triumph,Out of Stock,none,none,none,none,none,none,
Virtue Spirits Essence Single Barrel Rye,Out of Stock,none,none,none,none,none,none,
Knobel Tennessee Straight Rye Whiskey by Mike Rowe,Out of Stock,none,none,none,none,none,none,
Sagamore Spirit Reserve Select Maple Syrup Cask Finish Rye,Out of Stock,none,none,none,none,none,none,
Leopold Bros 5 Year Old Bottled in Bond Three Chamber Rye,Out of Stock,none,none,none,none,none,none,
Wild Turkey Private Selection Single Barrel Rye Whiskey,Out of Stock,none,none,none,none,none,none,
Very Olde St. Nick Ancient Cask Tenent + Creed Straight Rye,Out of Stock,none,none,none,none,none,none,
Blue Run Chosen Kentucky Straight Rye,Out of Stock,none,none,none,none,none,none,
Knob Creek Straight Rye Whiskey 1.75L,59.99,none,none,none,none,none,none,
George Dickel & Leopold Bros Three Chamber Blended Rye 2023 Release,Out of Stock,none,none,none,none,none,none,
Old Potrero Single Barrel Reserve Toasted Barrel Rye Whiskey,Out of Stock,none,none,none,none,none,none,
Templeton Rye Finished in Tequila Casks,Out of Stock,none,none,none,none,none,none,
Copper Fox Original Single Malt Rye Whiskey,Out of Stock,none,none,none,none,none,none,
Laws Experiential Barrel Straight Rye Finished in a Brandy Barrel,Out of Stock,none,none,none,none,none,none,
Redwood Empire Rocket Top Rye Bottled In Bond Batch 003,Out of Stock,none,none,none,none,none,none,
Epoch Reserve Maryland Straight Rye Whiskey,Out of Stock,none,none,none,none,none,none,
Good Times French Oak Tawny Port Rye,Out of Stock,none,none,none,none,none,none,
State 38 10th Anniversary Straight Rye,Out of Stock,none,none,none,none,none,none,
Union Horse Reunion Barrel Strength Straight Rye,Out of Stock,none,none,none,none,none,none,
Western Reserve Cask Series Straight Rye Finished in a Caribbean Cask,Out of Stock,none,none,none,none,none,none,
Good Times Madagascar Vanilla Caramel Rye,Out of Stock,none,none,none,none,none,none,
Good Times Toasted Cherry Vanilla Rye,Out of Stock,none,none,none,none,none,none,
Good Times Double Oak Mexican Vanilla Rye,Out of Stock,none,none,none,none,none,none,
Good Times Orange Rye,Out of Stock,none,none,none,none,none,none,
Smoke Wagon Private Barrel Straight Rye Whiskey,Out of Stock,none,none,none,none,none,none,
O.K.I. Single Barrel Straight 100% Rye Whiskey,Out of Stock,none,none,none,none,none,none,
Rossville Union 6 Year Old Bottled in Bond Straight Rye,Out of Stock,none,none,none,none,none,none,
Rossville Union 7 Year Old Barrel Proof Straight Rye,Out of Stock,none,none,none,none,none,none,
Barrell Rye Private Release Finished in a Bourbon Barrel,Out of Stock,none,none,none,none,none,none,
Barrell Rye Private Release Finished in an Armagnac Cask,Out of Stock,none,none,none,none,none,none,
Barrell Rye Private Release Finished in an OX Cognac Cask,Out of Stock,none,none,none,none,none,none,
Barrell Rye Private Release Finished in an Oloroso Sherry Barrel,Out of Stock,none,none,none,none,none,none,
Barrell Rye Private Release Finished in a Madeira Barrel,Out of Stock,none,none,none,none,none,none,
Barrell Rye Private Release Finished in a Ruby Port Barrel,Out of Stock,none,none,none,none,none,none,
Barrell Rye Private Release Finished in a Barbados Rum Cask,Out of Stock,none,none,none,none,none,none,
Barrell Rye Private Release Finished in a Sauternes Barrel,Out of Stock,none,none,none,none,none,none,
Barrell Rye Private Release Finished in a Tokaji Barrel,Out of Stock,none,none,none,none,none,none,
Barrell Rye Private Release Finished in a Pedro Ximenez Sherry Barrel,Out of Stock,none,none,none,none,none,none,
Nelson Bros. Straight Rye Whiskey,Out of Stock,none,none,none,none,none,none,
Vintage Rye 21 Year Old Whiskey Produced by Willett Distillery,Out of Stock,none,none,none,none,none,none,
Woody Creek Overproof Rye,Out of Stock,none,none,none,none,none,none,
Woody Creek High Rye Bourbon,Out of Stock,none,none,none,none,none,none,
Woody Creek Single Barrel Rye,Out of Stock,none,none,none,none,none,none,
Jefferson's Ocean Aged At Sea Voyage 26 Double Barrel Rye Whiskey,Out of Stock,none,none,none,none,none,none,
Catoctin Creek Ragnarok Rye Whiskey Collaboration with GWAR Batch 2022,Out of Stock,none,none,none,none,none,none,
Smooth Ambler Old Scout Port Cask Finish,64.99,none,none,none,none,none,none,
Smooth Ambler Old Scout Cask Strength Single Barrel Rye,Out of Stock,none,none,none,none,none,none,
Sagamore Spirit 8 Year Old New Charred Oak Barrels,Out of Stock,none,none,none,none,none,none,
Catoctin Creek Ragnarok Rye Whisky Collaboration with GWAR 2021,Out of Stock,none,none,none,none,none,none,
Gold Run Rye Whiskey,69.99,none,none,none,none,none,none,
Redemption Sur Lee Rye Whiskey,Out of Stock,none,none,none,none,none,none,
Michter's Barrel Strength Rye 2022 Release,Out of Stock,none,none,none,none,none,none,
Barrell Craft Spirits Seagrass Gold Label,Out of Stock,none,none,none,none,none,none,
Stellum Cask Strength Rye Black,Out of Stock,none,none,none,none,none,none,
WhistlePig Piggyback 6 Year Old Single Barrel Rye,Out of Stock,none,none,none,none,none,none,
Buffalo Distilling One Foot Cock Empire Rye,Out of Stock,none,none,none,none,none,none,
Whistlepig PiggyBack Barreled Age Rye Smash Canned Cocktail Blackberry Lemon Fizz,Out of Stock,none,none,none,none,none,none,
Whistlepig PiggyBack Barreled Age Rye Smash Canned Cocktail Fresh Ginger Lime,Out of Stock,none,none,none,none,none,none,
Whistlepig PiggyBack Barreled Age Rye Smash Canned Cocktail Session Citrus Mint,Out of Stock,none,none,none,none,none,none,
Dictador 2 Masters - Drew Mayville Rye,1499.99,none,none,none,none,none,none,
Peerless Rye Finished In A Brandy Barrel,Out of Stock,none,none,none,none,none,none,
Peerless Rye Finished In A Cognac Barrel,Out of Stock,none,none,none,none,none,none,
Peerless Rye Finished In A Mead Barrel,Out of Stock,none,none,none,none,none,none,
Peerless Rye Finished In A Orange Curacao Barrel,Out of Stock,none,none,none,none,none,none,
Peerless Rye Finished In A Rum Barrel,Out of Stock,none,none,none,none,none,none,
Peerless Rye Finished In A Wine Barrel,Out of Stock,none,none,none,none,none,none,
Peerless Rye Finished In An Absinthe Barrel,Out of Stock,none,none,none,none,none,none,
Hillrock Double Cask Rye Whiskey Port Finish,Out of Stock,none,none,none,none,none,none,
Leopold Bros Three Chamber Rye Whiskey Bottled In Bond,Out of Stock,none,none,none,none,none,none,
Michter’s US 1 Barrel Strength Rye 2021 Edition,399.99,none,none,none,none,none,none,
WhistlePig Farmstock Buckeye Batch,Out of Stock,none,none,none,none,none,none,
Whistle Pig 18 Year Single Barrel Rye Whiskey,Out of Stock,none,none,none,none,none,none,
Clyde May's 8 Year Old Straight Rye Whiskey,Out of Stock,none,none,none,none,none,none,
River Basin Rye,47.99,none,none,none,none,none,none,
Old Potrero Single Malt Straight Rye Whiskey,79.99,none,none,none,none,none,none,
Devils River Rye Whiskey,33.99,none,none,none,none,none,none,
Laws San Luis Valley Straight Rye Cask Strength,89.99,none,none,none,none,none,none,
California Cowboy Rye,34.99,none,none,none,none,none,none,
Redemption 10 Year Old Barrel Proof Rye,99.0,none,none,none,none,none,none,
Redemption 10 Year Old Barrel Proof High Rye Bourbon,99.0,none,none,none,none,none,none,
"291 Colorado Rye Whiskey, Single Barrel",71.0,none,none,none,none,none,none,
Oak & Eden Round Prairie Rye,75.0,none,none,none,none,none,none,
(ri)1 Straight Rye Whiskey,59.99,none,none,none,none,none,none,
Cat’s Eye Distillery Obtainium 14 Year Old Canadian Rye,139.99,5.0,1,1,0,27.0,66,
Old Overholt 114 Proof,Out of Stock,none,none,none,none,none,none,
Old Overholt 11 Year Old,Out of Stock,none,none,none,none,none,none,
Jefferson’s 10 Year Old Rye Whiskey,249.99,none,none,none,none,none,none,
Wild Turkey Rare Breed Barrel Proof Rye,64.99,none,none,none,none,none,none,
Sazerac Rye 18 Year Old 2019,Out of Stock,none,none,none,none,none,none,
Thomas H. Handy Sazerac Rye 2019,999.99,none,none,none,none,none,none,
Russell’s Reserve 2002,1399.99,none,none,none,none,none,none,
High West Rocky Mountain Rye 16 Years Old Batch # 2,649.99,none,none,none,none,none,none,
Angel's Envy Rye Batch #1,200.0,5.0,1,1,0,40.0,66,
Willett Family Estate Bottled 9 Year Old Barrel # 111,449.99,none,none,none,none,none,none,
WhistlePig The Boss Hog 13 Year Old,349.99,none,none,none,none,none,none,
WhistlePig The Boss Hog The Black Prince,499.99,none,none,none,none,none,none,
